56 0.119246 0.295459 0.237280 0.585861
56 0.590016 0.696460 0.520606 0.576928
56 0.144701 0.751338 0.288307 0.433396
56 0.399640 0.314887 0.299479 0.623533
56 0.329701 0.320439 0.439894 0.635036
56 0.931068 0.351909 0.137012 0.459031
56 0.707106 0.256830 0.311622 0.383505
56 0.158101 0.059627 0.176852 0.114847
56 0.555359 0.485615 0.591480 0.966543
56 0.123427 0.392146 0.221070 0.358659
56 0.937414 0.404712 0.124022 0.358558
60 0.773550 0.297299 0.450792 0.562536
56 0.491870 0.329294 0.490340 0.652599
56 0.716480 0.325178 0.309129 0.487592
56 0.151108 0.410579 0.280843 0.456623
56 0.205154 0.326597 0.259066 0.633007
56 0.435371 0.212264 0.373336 0.420544